inputs/input1.txt: 2.000000
inputs/input2.txt: 4.000000
inputs/input3.txt: 18.000000
inputs/input4.txt: 38.720000
inputs/input5.txt: 30.250000
inputs/input6.txt: 13.200000
